syllable:
  - consonant
  - consubset
  - vowel
  - consubset
consonant:
  m: 0.0588235294117647
  n: 0.0588235294117647
  p: 0.0588235294117647
  b: 0.0588235294117647
  t: 0.0588235294117647
  d: 0.0588235294117647
  k: 0.0588235294117647
  g: 0.0588235294117647
  q: 0.0588235294117647
  ḡ: 0.0588235294117647
  c: 0.0588235294117647
  x: 0.0588235294117647
  s: 0.0588235294117647
  h: 0.0588235294117647
  r: 0.0588235294117647
  j: 0.0588235294117647
  w: 0.0588235294117647
consubset:
  m: 0.0588235294117647
  n: 0.0588235294117647
  r: 0.0588235294117647
  j: 0.0588235294117647
  w: 0.0588235294117647
vowel:
  a: 0.166666666666667
  i: 0.166666666666667
  u: 0.166666666666667
  e: 0.166666666666667
  o: 0.166666666666667
  ŕ: 0.166666666666667
